134367	293	67059
182612	40902	37754
182611	40902	37754
182610	40902	37754
182609	40902	37754
182608	40902	37754
182607	40902	37754
182606	40902	37754
182605	40902	37754
182604	40902	37754
182603	40902	37754
182602	40902	37754
224761	32957	35779
67924	35886	34131
67923	35886	34131
67922	35886	34131
67921	35886	34131
67920	35886	34131
67919	35886	34131
67918	35886	34131
67917	35886	34131
67916	35886	34131
67915	35886	34131
48482	33450	32885
150915	24867	27068
150914	24867	27068
68090	21484	23353
68089	21484	23353
68088	21484	23353
68087	21484	23353
68086	21484	23353
68085	21484	23353
68084	21484	23353
68083	21484	23353
68082	21484	23353
68081	21484	23353
68092	21479	23350
180687	24259	22377
180686	24259	22377
180685	24259	22377
180684	24259	22377
180683	24259	22377
180682	24259	22377
180681	24259	22377
180680	24259	22377
180679	24259	22377
180678	24259	22377
180677	24259	22377
180676	24259	22377
180675	24259	22377
180674	24259	22377
180673	24259	22377
180672	24259	22377
180671	24259	22377
180670	24259	22377
180669	24259	22377
180668	24259	22377
180667	24259	22377
180666	24259	22377
180665	24259	22377
180664	24259	22377
180663	24259	22377
180662	24259	22377
180661	24259	22377
167232	2622	20954
249391	21350	20853
216099	20554	20143
245032	19530	18981
245031	19530	18981
139263	17724	18757
42923	16792	17037
42922	16714	16972
42921	16682	16900
42919	16659	16896
42920	16682	16895
42917	16661	16877
42916	16661	16877
42915	16661	16877
42914	16661	16877
42913	16661	16877
42912	16661	16877
42911	16661	16877
42910	16661	16877
42909	16661	16877
42907	16661	16877
42906	16661	16877
42905	16661	16877
42904	16661	16877
42903	16661	16877
42902	16661	16877
42901	16661	16877
42900	16661	16877
42899	16661	16877
42898	16661	16877
42897	16661	16877
42896	16661	16877
42895	16661	16877
42894	16661	16877
42893	16661	16877
42892	16661	16877
